424
219
550
337
524
55
290
205
488
363
190
281
308
343
338
597
440
11
6
17
444
63
226
349
488
379
470
1
116
567
418
157
408
555
526
361
476
63
218
77
328
579
358
377
236
31
506
413
232
59
422
489
260
295
114
541
168
547
534
105
276
455
338
397
248
371
366
81
572
151
322
61
232
11
542
137
92
103
578
589
256
403
262
553
244
471
586
493
392
147
174
369
596
591
362
437
96
99
182
385
364
151
506
445
168
83
358
553
340
391
562
213
168
275
134
393
364
423
242
181
424
107
494
481
236
415
106
461
416
275
582
153
420
391
386
213
288
339
414
401
36
231
466
461
536
107
46
585
68
87
394
597
24
259
406
417
52
359
74
157
368
27
582
169
292
207
466
45
352
403
510
73
140
159
298
525
208
539
502
321
420
495
554
517
544
147
518
465
508
255
274
101
104
595
478
17
340
239
258
125
16
315
366
145
412
7
170
277
352
99
518
281
580
279
130
229
544
595
342
209
60
535
114
189
192
507
590
481
324
111
266
37
344
507
382
305
508
103
586
213
520
523
102
545
204
575
226
413
488
339
382
329
164
535
306
293
80
299
118
545
500
463
2
565
392
315
174
33
188
591
354
309
472
443
358
201
148
15
354
157
528
515
46
513
580
87
154
101
232
507
478
289
132
423
74
93
416
67
142
217
308
495
186
149
464
395
94
33
276
335
522
141
528
251
46
241
468
327
370
293
408
259
374
105
572
31
490
5
280
299
502
337
28
455
90
21
360
107
22
225
244
63
138
549
144
187
390
401
188
591
362
61
368
195
414
465
380
319
58
485
136
347
558
81
308
199
74
501
520
323
254
257
412
439
410
469
232
155
486
473
596
503
242
581
264
43
6
65
20
519
90
413
448
43
422
25
308
367
146
181
392
67
590
313
436
95
250
477
56
587
446
41
148
207
410
341
456
339
566
577
244
463
490
573
376
419
598
561
180
87
314
341
48
475
46
81
76
63
162
365
472
115
70
385
508
31
482
21
208
419
94
593
316
87
170
53
72
211
598
465
492
599
90
565
136
179
326
137
292
279
258
109
40
579
174
97
132
407
362
405
376
11
502
193
388
527
234
237
496
451
534
129
92
327
578
333
520
419
238
273
140
471
546
597
216
507
62
457
580
175
162
581
16
355
102
57
324
311
298
501
312
371
206
129
148
15
90
533
256
323
598
569
580
79
434
213
160
331
550
345
308
263
490
29
88
579
494
577
484
575
162
37
376
11
430
153
316
487
434
149
304
427
6
9
68
135
34
237
128
91
238
49
276
7
50
133
352
19
94
33
420
55
42
125
240
299
510
281
148
87
418
461
424
563
374
473
268
471
346
357
584
115
438
249
244
439
258
373
464
411
110
305
596
279
546
245
472
467
558
201
212
239
50
557
272
67
510
449
236
423
386
53
584
339
558
33
468
295
418
541
288
283
446
481
68
87
274
85
128
555
478
593
164
279
42
413
208
467
526
121
228
319
162
109
384
99
110
81
108
7
42
13
576
275
14
41
396
511
146
429
64
395
486
441
156
247
298
421
488
107
326
169
4
199
178
109
344
323
198
577
20
111
234
277
592
115
22
473
140
79
562
261
144
315
382
33
156
367
226
61
376
307
22
281
28
495
50
341
328
347
334
505
68
335
506
213
488
339
582
57
52
31
538
261
416
251
382
545
316
79
42
117
24
11
118
433
348
335
178
181
384
107
422
49
508
119
162
109
232
283
294
281
100
199
474
13
352
243
390
569
396
415
146
173
496
251
126
417
332
463
178
517
480
35
78
593
396
391
18
45
472
275
574
521
436
415
586
405
0
515
518
81
156
111
154
309
248
259
54
313
236
503
554
333
272
563
302
521
92
591
578
205
576
251
230
569
220
15
178
317
320
507
70
569
556
95
466
317
240
467
14
305
316
495
114
413
16
427
110
17
556
343
50
277
96
251
470
401
308
31
562
533
80
51
358
313
52
303
98
69
232
107
510
577
332
167
170
237
176
59
6
361
348
391
242
237
592
499
598
305
564
399
546
37
424
179
190
305
204
71
258
61
376
419
350
9
44
159
130
589
304
491
102
41
324
463
170
373
24
331
230
465
148
247
34
213
224
227
174
417
68
431
250
165
536
35
246
89
308
199
2
557
160
563
302
337
244
495
234
269
552
283
366
361
412
111
338
541
232
27
422
441
4
15
186
173
472
483
206
401
284
223
394
221
208
3
118
233
364
215
442
109
32
187
22
281
516
31
370
109
